n = 204
g = 3
known_g = True
opt = 533.239101563
centers = [36, 118, 145]
edges = [(110, 118), (168, 145), (44, 36), (17, 36), (32, 36), (179, 36), (158, 145), (163, 145), (18, 36), (81, 118), (85, 118), (150, 145), (10, 145), (140, 145), (200, 145), (23, 36), (108, 118), (121, 118), (192, 145), (59, 36), (45, 36), (60, 36), (33, 36), (138, 145), (34, 36), (84, 118), (181, 145), (196, 145), (120, 118), (24, 36), (188, 145), (153, 145), (186, 145), (73, 118), (61, 36), (14, 36), (162, 145), (111, 118), (177, 145), (96, 118), (15, 36), (202, 36), (100, 118), (8, 36), (122, 118), (128, 118), (51, 36), (132, 118), (165, 145), (198, 145), (87, 118), (176, 145), (52, 36), (25, 36), (123, 118), (166, 145), (26, 36), (72, 118), (98, 118), (127, 118), (35, 36), (36, 36), (9, 36), (130, 118), (143, 145), (160, 145), (170, 145), (53, 36), (86, 118), (99, 118), (125, 118), (62, 36), (74, 118), (172, 145), (148, 145), (88, 118), (63, 36), (131, 118), (0, 36), (146, 145), (126, 118), (139, 145), (157, 145), (37, 36), (75, 118), (175, 145), (79, 118), (97, 118), (144, 145), (101, 118), (149, 145), (102, 118), (115, 118), (129, 118), (90, 118), (27, 36), (124, 118), (133, 118), (134, 118), (28, 36), (1, 36), (77, 118), (2, 36), (64, 36), (11, 36), (113, 118), (137, 145), (155, 145), (78, 118), (203, 145), (117, 118), (12, 36), (54, 36), (55, 36), (48, 36), (195, 36), (29, 36), (38, 36), (187, 145), (76, 118), (89, 118), (39, 36), (65, 36), (159, 145), (94, 118), (66, 36), (112, 118), (13, 36), (116, 118), (201, 145), (169, 145), (49, 36), (69, 118), (191, 145), (193, 145), (103, 118), (50, 36), (3, 36), (190, 145), (92, 118), (105, 118), (185, 36), (183, 145), (135, 118), (4, 36), (114, 118), (199, 145), (40, 36), (147, 145), (30, 36), (197, 145), (189, 145), (119, 118), (68, 118), (152, 145), (31, 36), (171, 145), (19, 36), (104, 118), (5, 36), (67, 36), (161, 145), (194, 145), (142, 145), (20, 36), (41, 36), (91, 118), (164, 145), (56, 36), (95, 118), (182, 145), (184, 145), (42, 36), (80, 118), (46, 36), (118, 118), (174, 145), (173, 145), (106, 118), (136, 145), (47, 36), (167, 145), (71, 118), (145, 145), (178, 145), (21, 36), (93, 118), (141, 145), (107, 118), (82, 118), (57, 36), (16, 36), (151, 145), (180, 145), (58, 36), (6, 36), (154, 145), (156, 145), (7, 36), (70, 118), (83, 118), (22, 145), (109, 118), (43, 36)]
class counter = [70 68 66]
acc = 0.970588235294
time = 2.65996003151
