n = 204
g = 3
known_g = True
opt = 3.31662479036
centers = [0, 68, 136]
edges = [(9, 0), (4, 0), (200, 136), (72, 0), (194, 136), (161, 136), (170, 136), (62, 0), (79, 68), (41, 0), (36, 0), (115, 68), (31, 0), (203, 136), (176, 136), (138, 136), (10, 0), (171, 136), (5, 0), (166, 136), (156, 136), (201, 136), (73, 0), (129, 68), (90, 68), (196, 136), (191, 136), (63, 0), (198, 136), (42, 0), (126, 0), (37, 0), (16, 0), (151, 136), (100, 0), (11, 0), (172, 136), (117, 68), (84, 68), (6, 0), (167, 136), (74, 0), (61, 136), (146, 136), (177, 136), (186, 136), (120, 68), (147, 0), (141, 136), (159, 68), (43, 0), (38, 0), (89, 68), (111, 68), (17, 0), (189, 68), (96, 68), (12, 0), (190, 68), (181, 136), (80, 0), (7, 0), (131, 68), (92, 68), (65, 68), (144, 136), (153, 136), (165, 68), (49, 0), (44, 0), (123, 68), (39, 0), (18, 0), (185, 0), (13, 0), (197, 68), (202, 136), (98, 68), (139, 136), (148, 136), (76, 0), (71, 0), (50, 0), (128, 0), (133, 68), (45, 0), (134, 68), (24, 0), (19, 0), (86, 68), (125, 68), (143, 136), (14, 0), (77, 0), (160, 136), (169, 136), (184, 136), (56, 0), (22, 136), (179, 136), (51, 0), (118, 68), (174, 136), (124, 68), (46, 0), (97, 68), (114, 0), (25, 0), (20, 0), (88, 0), (93, 68), (15, 0), (67, 136), (164, 136), (94, 68), (155, 136), (150, 136), (57, 0), (180, 136), (136, 136), (52, 0), (135, 68), (69, 68), (175, 136), (47, 0), (192, 136), (154, 136), (26, 0), (187, 136), (149, 136), (105, 68), (110, 0), (21, 0), (127, 68), (0, 0), (157, 136), (68, 68), (58, 0), (48, 68), (53, 0), (142, 68), (199, 136), (32, 0), (99, 68), (193, 136), (116, 0), (27, 0), (188, 136), (83, 136), (183, 136), (95, 68), (1, 0), (162, 136), (85, 0), (75, 68), (64, 0), (178, 136), (152, 136), (59, 0), (54, 0), (132, 0), (122, 0), (33, 0), (78, 136), (106, 68), (28, 0), (195, 0), (107, 68), (101, 68), (23, 0), (102, 68), (104, 136), (91, 0), (2, 0), (173, 136), (82, 68), (60, 0), (145, 136), (55, 0), (34, 0), (113, 68), (29, 0), (8, 0), (3, 0), (70, 68), (121, 136), (109, 68), (87, 0), (140, 136), (66, 0), (112, 68), (168, 136), (40, 0), (182, 136), (163, 136), (35, 0), (158, 136), (119, 0), (108, 68), (130, 68), (30, 0), (81, 68), (137, 136), (103, 68)]
class counter = [86 52 66]
acc = 0.813725490196
time = 28.4796741009
