n = 203
g = 3
known_g = True
opt = 512.58810854
centers = [55, 78, 202]
edges = [(151, 202), (185, 202), (201, 202), (159, 202), (34, 55), (176, 202), (158, 202), (125, 202), (137, 202), (62, 78), (160, 202), (7, 55), (67, 78), (17, 55), (14, 55), (157, 202), (43, 55), (24, 55), (127, 202), (94, 78), (197, 202), (73, 78), (172, 202), (126, 202), (167, 202), (124, 202), (69, 78), (100, 78), (133, 202), (12, 55), (166, 202), (169, 202), (38, 55), (19, 55), (45, 55), (26, 55), (173, 202), (48, 55), (171, 202), (80, 78), (52, 55), (178, 202), (75, 78), (196, 202), (142, 202), (72, 78), (131, 202), (191, 202), (71, 78), (21, 55), (107, 78), (50, 55), (47, 55), (63, 78), (146, 202), (57, 55), (77, 78), (141, 202), (104, 78), (194, 202), (102, 55), (99, 78), (74, 78), (113, 78), (143, 202), (0, 55), (4, 55), (195, 202), (95, 78), (70, 78), (30, 55), (152, 202), (109, 78), (199, 202), (40, 55), (189, 202), (106, 78), (114, 202), (101, 78), (76, 78), (2, 55), (140, 202), (81, 78), (28, 55), (182, 202), (112, 78), (9, 55), (147, 202), (54, 55), (35, 55), (42, 55), (139, 202), (136, 202), (184, 202), (108, 78), (68, 55), (103, 78), (186, 202), (23, 55), (170, 202), (164, 202), (150, 202), (33, 55), (37, 55), (198, 202), (59, 55), (155, 202), (180, 202), (6, 55), (175, 202), (16, 55), (177, 202), (174, 202), (130, 202), (123, 202), (88, 78), (193, 202), (83, 78), (145, 202), (11, 55), (148, 202), (18, 55), (15, 55), (181, 202), (44, 55), (79, 78), (25, 55), (110, 78), (129, 202), (51, 55), (188, 202), (115, 78), (90, 78), (154, 202), (156, 202), (85, 78), (200, 202), (149, 202), (60, 78), (135, 202), (13, 55), (119, 202), (192, 202), (39, 55), (20, 55), (187, 202), (65, 78), (96, 78), (49, 55), (46, 55), (118, 202), (53, 55), (202, 202), (56, 55), (78, 78), (82, 55), (117, 78), (153, 202), (92, 78), (87, 78), (122, 202), (3, 55), (84, 78), (98, 78), (162, 202), (165, 202), (89, 78), (58, 55), (64, 78), (183, 202), (128, 202), (121, 202), (116, 78), (1, 55), (190, 202), (111, 78), (5, 55), (86, 78), (27, 55), (8, 55), (132, 202), (31, 55), (41, 55), (91, 78), (144, 202), (66, 78), (61, 78), (168, 202), (163, 202), (179, 202), (120, 202), (161, 202), (97, 78), (22, 55), (29, 55), (10, 55), (32, 55), (55, 55), (36, 55), (134, 202), (93, 78), (138, 202), (105, 55)]
class counter = [64 53 86]
acc = 0.975369458128
time = 2.52501106262
