n = 203
g = 3
known_g = True
opt = 3.31662479036
centers = [14, 61, 199]
edges = [(199, 199), (104, 61), (189, 199), (61, 61), (123, 61), (169, 199), (164, 199), (0, 199), (171, 199), (14, 14), (141, 199), (63, 61), (24, 14), (192, 199), (19, 14), (80, 61), (99, 61), (194, 14), (144, 199), (151, 199), (162, 199), (20, 14), (118, 199), (70, 61), (17, 199), (15, 14), (91, 199), (53, 199), (25, 14), (56, 14), (106, 61), (168, 199), (51, 14), (26, 14), (138, 199), (94, 199), (21, 14), (120, 199), (52, 14), (47, 14), (108, 61), (22, 14), (57, 14), (175, 199), (32, 14), (190, 199), (27, 14), (58, 14), (101, 61), (2, 14), (71, 199), (54, 14), (103, 61), (33, 14), (7, 199), (185, 199), (115, 14), (135, 199), (59, 14), (34, 14), (77, 61), (158, 199), (29, 14), (113, 199), (28, 199), (152, 199), (79, 61), (179, 199), (143, 199), (112, 199), (149, 199), (134, 199), (89, 199), (200, 199), (44, 199), (136, 199), (155, 199), (126, 199), (196, 199), (84, 61), (148, 199), (176, 199), (65, 61), (102, 199), (1, 199), (172, 199), (110, 61), (181, 199), (117, 61), (60, 61), (124, 199), (193, 199), (96, 61), (119, 199), (156, 199), (129, 199), (93, 61), (55, 199), (160, 199), (166, 199), (8, 14), (121, 199), (95, 61), (177, 14), (140, 199), (35, 199), (3, 14), (186, 199), (170, 199), (69, 61), (146, 199), (4, 14), (161, 199), (187, 199), (30, 14), (98, 61), (142, 199), (105, 61), (131, 199), (97, 199), (9, 14), (40, 14), (183, 199), (10, 14), (86, 199), (100, 61), (5, 14), (36, 14), (107, 61), (31, 14), (62, 14), (147, 199), (202, 199), (6, 14), (73, 199), (74, 61), (41, 14), (72, 14), (159, 199), (114, 199), (184, 199), (67, 14), (11, 14), (42, 14), (37, 14), (165, 199), (76, 61), (12, 14), (180, 199), (198, 199), (38, 14), (48, 14), (16, 199), (46, 199), (195, 199), (201, 199), (43, 14), (18, 14), (109, 61), (139, 199), (127, 199), (197, 199), (39, 14), (157, 199), (137, 199), (49, 14), (132, 199), (88, 61), (75, 14), (182, 199), (50, 14), (133, 199), (174, 199), (78, 61), (45, 14), (81, 14), (154, 199), (125, 199), (83, 61), (82, 14), (173, 199), (150, 199), (116, 61), (191, 199), (23, 61), (130, 199), (90, 61), (163, 199), (167, 199), (122, 199), (92, 61), (111, 61), (145, 199), (66, 61), (188, 199), (85, 61), (178, 199), (13, 199), (153, 199), (68, 61), (64, 199), (87, 61), (128, 199)]
class counter = [ 56  41 106]
acc = 0.827586206897
time = 9.61206007004
