n = 204
g = 6
known_g = True
opt = 481.501946631
centers = [7, 44, 99, 115, 137, 188]
edges = [(58, 44), (175, 188), (27, 7), (12, 7), (59, 44), (20, 137), (45, 44), (76, 99), (202, 188), (23, 7), (32, 137), (61, 99), (73, 99), (33, 7), (79, 99), (34, 44), (118, 115), (141, 115), (131, 115), (154, 7), (157, 137), (188, 188), (164, 137), (102, 7), (28, 137), (125, 115), (106, 115), (136, 137), (203, 188), (89, 99), (115, 115), (155, 44), (129, 115), (195, 188), (82, 7), (197, 7), (68, 99), (198, 188), (80, 99), (200, 188), (65, 99), (99, 99), (3, 7), (168, 137), (113, 115), (110, 115), (14, 7), (191, 188), (133, 115), (158, 137), (9, 7), (176, 188), (75, 99), (10, 137), (147, 137), (5, 7), (84, 99), (96, 99), (31, 7), (117, 115), (170, 188), (145, 137), (41, 188), (182, 188), (152, 137), (51, 44), (26, 7), (52, 7), (177, 44), (25, 44), (138, 137), (101, 99), (187, 137), (108, 115), (88, 44), (149, 137), (181, 188), (35, 44), (91, 99), (189, 188), (105, 115), (18, 137), (36, 44), (120, 115), (179, 188), (29, 115), (162, 115), (178, 188), (1, 44), (180, 188), (77, 99), (97, 137), (64, 44), (53, 44), (62, 44), (86, 99), (185, 99), (98, 99), (54, 44), (0, 7), (63, 44), (135, 115), (128, 115), (127, 7), (55, 44), (11, 7), (48, 44), (37, 44), (166, 115), (140, 137), (60, 115), (4, 137), (190, 188), (22, 7), (38, 44), (7, 7), (17, 7), (39, 44), (119, 115), (83, 99), (2, 7), (122, 115), (183, 188), (132, 115), (13, 7), (49, 44), (69, 99), (50, 44), (192, 99), (78, 99), (107, 115), (93, 188), (90, 99), (151, 137), (134, 44), (161, 115), (24, 115), (196, 188), (72, 99), (156, 137), (153, 188), (100, 99), (201, 115), (85, 99), (103, 137), (171, 44), (163, 137), (142, 137), (172, 188), (8, 7), (160, 44), (137, 137), (146, 188), (95, 99), (19, 7), (194, 99), (109, 115), (184, 99), (81, 188), (165, 188), (124, 115), (30, 7), (15, 7), (121, 115), (40, 44), (71, 99), (148, 99), (74, 99), (159, 137), (92, 99), (139, 137), (112, 115), (67, 44), (144, 137), (199, 188), (193, 7), (56, 44), (42, 44), (104, 44), (87, 99), (186, 99), (173, 188), (143, 137), (46, 44), (43, 44), (116, 115), (47, 44), (169, 137), (126, 7), (44, 44), (167, 137), (130, 137), (150, 99), (21, 44), (70, 188), (66, 99), (6, 7), (94, 99), (57, 44), (174, 188), (16, 7), (114, 115), (111, 115), (123, 115)]
class counter = [31 38 38 35 32 30]
acc = 0.740196078431
time = 2.56807804108
