n = 204
g = 6
known_g = True
opt = 3.0
centers = [2, 104, 112, 152, 160, 188]
edges = [(89, 104), (175, 188), (102, 104), (117, 104), (28, 104), (99, 104), (127, 104), (131, 104), (50, 104), (167, 152), (78, 2), (66, 188), (63, 104), (113, 104), (71, 188), (126, 104), (172, 112), (100, 188), (142, 160), (140, 160), (16, 152), (118, 104), (35, 160), (21, 2), (72, 188), (77, 104), (53, 112), (147, 160), (112, 104), (162, 2), (74, 104), (203, 188), (1, 112), (98, 188), (29, 112), (48, 188), (153, 152), (96, 188), (135, 188), (101, 104), (174, 104), (93, 104), (186, 104), (33, 160), (133, 104), (191, 188), (148, 152), (6, 104), (91, 112), (119, 112), (160, 104), (14, 188), (188, 104), (169, 160), (31, 104), (198, 104), (94, 104), (170, 188), (200, 2), (163, 112), (114, 104), (17, 104), (65, 2), (83, 104), (56, 112), (185, 112), (181, 188), (177, 160), (105, 104), (27, 188), (151, 104), (38, 160), (67, 160), (47, 104), (25, 160), (103, 160), (178, 188), (173, 104), (110, 104), (196, 2), (124, 160), (41, 104), (107, 104), (69, 104), (55, 160), (61, 2), (42, 188), (75, 160), (154, 188), (11, 188), (144, 152), (201, 112), (46, 104), (194, 188), (202, 2), (5, 104), (136, 104), (30, 2), (139, 2), (128, 104), (121, 104), (32, 104), (60, 104), (190, 188), (13, 160), (104, 188), (189, 104), (145, 2), (123, 104), (58, 112), (120, 104), (183, 188), (187, 112), (24, 188), (95, 104), (176, 112), (87, 104), (68, 188), (116, 160), (180, 104), (49, 160), (22, 112), (84, 104), (193, 188), (80, 188), (109, 104), (85, 112), (182, 104), (0, 188), (43, 188), (106, 104), (86, 104), (152, 152), (45, 104), (179, 152), (138, 104), (10, 112), (111, 104), (108, 104), (130, 104), (34, 104), (26, 152), (8, 104), (171, 188), (97, 104), (92, 160), (184, 160), (155, 152), (159, 160), (9, 112), (150, 152), (129, 104), (57, 152), (146, 188), (192, 104), (197, 188), (81, 188), (143, 112), (88, 104), (165, 188), (195, 160), (82, 188), (3, 160), (36, 112), (122, 112), (52, 104), (7, 2), (166, 104), (168, 152), (23, 112), (115, 104), (62, 104), (149, 160), (137, 152), (164, 160), (51, 104), (79, 104), (4, 160), (54, 160), (199, 188), (19, 160), (2, 104), (44, 160), (73, 104), (59, 160), (161, 152), (158, 112), (76, 2), (20, 152), (39, 112), (12, 104), (15, 152), (125, 112), (141, 104), (90, 104), (37, 104), (157, 112), (40, 112), (134, 112), (70, 188), (64, 104), (156, 152), (18, 152), (132, 104)]
class counter = [13 80 27 18 29 37]
acc = 0.186274509804
time = 26.9533360004
